160595
148019
194186
145532
162875
192277
196709
171291
193632
190716
153025
193416
188769
182575
172818
199936
185112
158025
164142
175766
151183
168007
194671
194120
167729
190311
165776
169363
156182
186979
193312
155141
154251
180779
149631
154417
166474
178899
194987
172910
193471
178974
194597
197933
142760
147052
182085
177437
144225
151173
158116
140609
174308
147232
159246
188092
142119
199655
145217
180598
190534
151542
163845
144053
166946
172787
156004
174583
154745
166654
199535
198755
194555
156382
169690
176664
174578
162647
191591
153554
150098
141869
147400
188682
156801
171658
181837
146547
145984
161147
142037
165880
176829
189118
195709
171361
147594
192283
199272
172329
141813
190219
173280
153784
146184
160120
155768
151152
180177
176289
195915
170768
169742
185056
170171
183102
179578
168475
191363
170734
166322
163924
185521
140650
155622
148733
155403
153398
146832
197545
155017
174676
177388
164393
182951
180295
177296
182200
196997
190680
190619
175477
196059
189309
180863
199144
166821
164731
175177
150866
152642
148827
163552
172532
185840
167168
173555
182753
156353
195859
168269
188375
165904
160767
199667
194277
158907
169958
154285
174622
182858
174786
189968
180357
165309
147995
152399
164291
165392
168443
193710
150771
186742
198448
179081
176334
192504
149870
185023
199257
166855
189400
144653
164496
178809
193243
174699
193676
173789
146238
177979
140257
160550
172087
156117
189144
166523
199334
170695
156125
142579
143788
145688
170554
187417
188623
188886
178448
169429
177821
198265
188873
196097
168481
154081
164882
150579
153813
197613
157078
151494
163273
168653
156755
188851
171121
180129
148260
195276
195218
196697
157310
182034
182651
182102
183980
146976
186326
198477
172194
161004
143834
174211
178926
147358
155916
182307
148256
149582
153168
178594
141188
152239
167913
183662
184007
156890
186812
140360
173710
158677
177197
180196
196276
168956
155377
191752
166090
199917
146675
186789
176645
198718
162954
188675
150133
183454
167777
173840
190083
162125
146698
150635
157223
163799
197245
178244
157725
183731
153584
148136
146725
190459
182155
190012
196932
197261
192224
179225
143349
160637
175014
156786
141263
179719
185255
144412
157290
180154
166696
190772
199896
182702
140203
148774
169561
199186
146981
162963
163234
188745
183086
164502
146886
152889
174030
174169
144532
167421
195559
144766
161638
157618
140533
179584
170439
143314
168811
190473
195748
156934
146281
177303
147737
177639
157576
154782
160253
158440
179159
165945
184502
159535
191546
152486
162926
142977
152956
140470
178941
188214
187292
164973
176253
195831
142658
141372
165550
175832
162169
148350
175279
172055
196006
191325
191211
196395
175255
199226
172949
167621
172429
166598
196410
148221
156094
180841
185865
148316
192702
156603
179488
195001
140903
173227
198763
190433
173405
170121
182445
146950
165872
164553
150315
159540
196512
165417
143959
143148
175749
178568
186514
180904
147681
160474
144871
188484
196826
146510
152011
186767
178209
155055
170337
187247
192040
158015
191417
186089
142521
170851
152721
189336
183801
152195
172963
163067
163738
183868
172035
193135
165843
178298
151792
145358
167559
193977
165426
172413
152171
183383
151415
191950
174905
186602
153772
182798
189241
196479
159507
166138
144985
158613
189714
149668
167605
141676
190156
186723
166261
143876
153296
176874
145013
161404
160439
182235
149151
170061
186415
141328
165187
167857
187875
148971
181733
180413
194927
142093
163701
144375
149972
173806
142017
150506
142920
150478
191982
149252
174057
154304
181454
156822
182524
185317
171174
191705
151332
169165
196188
173518
193603
150949
160078
159917
179797
184105
179031
194091
173342
173881
186559
174715
160008
169639
147768
174499
160668
150716
162090
164596
180393
140429
145849
143907
190490
195573
176925
182253
148074
151699
192131
180321
143327
142344
140777
154914
172232
194218
152083
162259
163469
145934
197684
175051
164451
173311
166578
171096
159811
150806
188903
175348
189168
186133
146025
195107
180369
177509
168360
159747
170668
160784
190814
175025
153878
156166
187423
192740
168297
156596
157599
186167
167070
165011
173370
143552
158640
193488
165711
189212
161065
170311
174875
181517
155829
188472
179991
177054
179442
187139
150010
140799
168919
169971
180978
182408
166802
160830
175848
162836
166282
172499
188395
144173
163027
192562
173597
184642
189273
176727
189518
171463
191905
152670
151304
176639
189885
178016
198985
175223
149645
196333
156143
184725
144821
176841
177363
169737
165094
155599
185755
160317
194875
168167
196436
179129
174395
141565
150190
177643
175658
161171
154803
160273
163196
159589
145180
143704
178723
175420
163322
148573
142387
159222
157128
176399
173385
192455
166775
169856
194780
167751
167887
154158
183906
191510
187722
182922
181656
199961
177857
174139
192151
184393
158359
147783
171758
191485
198625
195344
148115
180834
163051
180269
189222
179294
195625
158425
196112
175283
176616
179558
144915
175195
187963
159781
179973
166029
187168
197288
168636
186592
176155
196901
198699
191025
170389
170250
167923
195608
161922
192919
180616
191146
141538
157459
157195
144859
144568
192782
141342
166231
158316
145119
198095
152971
195156
181319
197512
158929
147940
151293
186382
152267
164537
173082
194853
180052
167418
148678
179211
180541
199845
172173
155685
153615
158533
142663
169715
189447
149017
161096
152473
165961
153261
141079
175684
171912
140262
184710
147155
147546
156284
167338
195121
161807
197302
198643
142237
173037
145733
144740
140819
141291
158814
169516
150288
174082
164358
178365
152629
166632
197905
167399
193339
144384
197646
173124
183238
181778
185432
153516
146246
158182
189951
195509
159038
178084
159059
180504
189996
182763
143224
186671
175098
186909
150373
190038
165831
190908
173464
198580
181100
197886
184087
181089
175819
199069
168713
168848
198852
157922
152449
164401
189592
196076
197346
192339
150168
169331
188569
150147
187474
147289
156262
170351
157019
142413
192886
157030
166304
146205
163754
155549
155741
141635
141395
156370
185400
165226
184359
188503
185204
194837
181688
176573
164782
181153
199875
141615
148656
174959
179076
178906
198966
197987
176438
174458
198237
195931
180000
181189
189831
163014
185376
158889
174723
146011
187598
140306
167271
184686
179195
190541
187923
169307
186560
189469
154324
160534
141885
169097
197860
164267
163976
189365
141723
193521
140996
149955
170970
152402
196130
141857
143887
169112
186145
145896
197050
147301
172754
145561
146868
173830
149922
183307
161393
168314
157429
166869
165814
149098
176357
167817
166455
170008
185349
147112
149896
176967
141598
190331
183610
171722
165249
196633
168328
158217
166040
167577
161304
149834
179912
188196
178634
152317
188950
157269
185679
198257
193907
169462
151968
159991
173684
191879
154034
150755
181742
192008
193933
158727
182327
171953
191000
188457
159484
153366
175134
169005
191813
198533
187535
167876
181345
173562
176160
183052
196210
